TC:
(1,62.63) (2,64.95)(3,65.67)(4,65.99)(5,65.62)(6,66.64)
(1,233.67)(2,259.16)(3,278.16)(4,312.04)(5,372.45)(6,465.54)
(1,4.74)  (2,5.09)(3,5.90)(4,3.26)(5,3.55)(6,3.86)
(1,225)(2,306.91)(3,388.09)(4,433.44)(5,445.17)(6,429.80)

CF:
(1,137.92)(2,153.86)(3,163.88)(4,159.35)(5,158.88)(6,163.31)
(1,616.62)(2,877.74)(3,1078.56)(4,1113.42)(5,1264.09)(6,1506.71)
(1,49.97)(2,49.82)(3,51.45)(4,40.34)(5,36.84)(6,39.51)
(1,194.88)(2,382.45)(3,609.78)(4,703.96)(5,840.43)(6,921.94)

PF:
(1,75.41)(2,73.41)(3,66)(4,63.52)(5,67.36)(6,66.55)
(1,29.32)(2,34.52)(3,54.88)(4,76.54)(5,125.6)(6,134.6)
(1,8.38)(2,6.28)(3,2.26)(4,2.29)(5,0.99)(6,0.86)
(1,243.0)(2,285.5)(3,316.5)(4,339.7)(5,321.6)(6,335.1)

